3
2
2
0
1
2
1
1
2
1
3
5
4
3
0
1
1
0
2
6
2
2
0
1
2
2
3
2
2
0
1
2
1
2
2
2
4
3
5
1
2
5
7
1
1
1
14
78
f7
197
194
13a
105
b0
72
55
41
27
1c
17
e
16
b
5
a
c
a
8
10
7
2
4
8
5
2
4
6
3
e
9
0
8
1
14
80
fe
13f
148
121
f2
c6
a2
94
5f
51
42
30
2b
15
1d
27
28
23
24
19
1b
26
24
14
1b
15
b
12
12
14
10
6
a
d
d
c
e
a
14
12
10
12
d
8
a
8
2
c
5
2
5
4
2
a
c
4
7
8
2
4
5
7
3
9
4
9
3
5
0
0
4
2
7
3
4
d
5
4
1
9
8
2
0
0
3
2
1
4
5
3
4
2
6
4
3
5
0
5
6
1
1
2
4
5
2
8
5
a
4
7
1
3
1
4
5
3
4
2
6
4
3
5
0
5
6
1
1
2
4
5
2
8
5
a
4
7
1
3
1
4
5
3
4
2
6
4
3
